0.000000 1.111111e-01 3.000000e+01
0.001000 0.11074 29.99
0.002000 0.11037 29.98
0.003000 0.11000 29.97
0.004000 0.10962 29.97
0.005000 0.10917 29.95
0.006000 0.10873 29.94
0.007000 0.10828 29.93
0.008000 0.10783 29.92
0.009000 0.10738 29.91
0.010000 0.10693 29.90
0.011000 0.10648 29.88
0.012000 0.10603 29.87
0.013000 0.10558 29.86
0.014000 0.10514 29.85
0.015000 0.10469 29.84
0.016000 0.10424 29.83
0.017000 0.10379 29.82
0.018000 0.10335 29.80
0.019000 0.10290 29.79
0.020000 0.10245 29.78
0.021000 0.10200 29.77
0.022000 0.10156 29.76
0.023000 0.10111 29.75
0.024000 0.10066 29.74
0.025000 0.10022 29.73
0.026000 0.09977 29.71
0.027000 0.09933 29.70
0.028000 0.09888 29.69
0.029000 0.09843 29.68
0.030000 0.09799 29.67
0.031000 0.09754 29.66
0.032000 0.09710 29.65
0.033000 0.09665 29.63
0.034000 0.09621 29.62
0.035000 0.09576 29.61
0.036000 0.09532 29.60
0.037000 0.09487 29.59
0.038000 0.09443 29.58
0.039000 0.09399 29.57
0.040000 0.09354 29.56
0.041000 0.09310 29.54
0.042000 0.09265 29.53
0.043000 0.09221 29.52
0.044000 0.09177 29.51
0.045000 0.09132 29.50
0.046000 0.09088 29.49
0.047000 0.09044 29.48
0.048000 0.08999 29.47
0.049000 0.08955 29.46
0.050000 0.08911 29.44
0.051000 0.08867 29.43
0.052000 0.08823 29.42
0.053000 0.08778 29.41
0.054000 0.08734 29.40
0.055000 0.08690 29.39
0.056000 0.08646 29.38
0.057000 0.08602 29.37
0.058000 0.08558 29.35
0.059000 0.08513 29.34
0.060000 0.08469 29.33
0.061000 0.08425 29.32
0.062000 0.08381 29.31
0.063000 0.08337 29.30
0.064000 0.08293 29.29
0.065000 0.08249 29.28
0.066000 0.08205 29.27
0.067000 0.08161 29.25
0.068000 0.08117 29.24
0.069000 0.08073 29.23
0.070000 0.08029 29.22
0.071000 0.07985 29.21
0.072000 0.07941 29.20
0.073000 0.07898 29.19
0.074000 0.07854 29.18
0.075000 0.07810 29.17
0.076000 0.07766 29.16
0.077000 0.07722 29.14
0.078000 0.07678 29.13
0.079000 0.07634 29.12
0.080000 0.07591 29.11
0.081000 0.07547 29.10
0.082000 0.07503 29.09
0.083000 0.07459 29.08
0.084000 0.07416 29.07
0.085000 0.07372 29.06
0.086000 0.07328 29.05
0.087000 0.07285 29.03
0.088000 0.07241 29.02
0.089000 0.07197 29.01
0.090000 0.07154 29.00
0.091000 0.07110 28.99
0.092000 0.07066 28.98
0.093000 0.07023 28.97
0.094000 0.06979 28.96
0.095000 0.06936 28.95
0.096000 0.06892 28.94
0.097000 0.06849 28.93
0.098000 0.06805 28.91
0.099000 0.06762 28.90
0.100000 0.06718 28.89
0.101000 0.06675 28.88
0.102000 0.06631 28.87
0.103000 0.06588 28.86
0.104000 0.06544 28.85
0.105000 0.06501 28.84
0.106000 0.06458 28.83
0.107000 0.06414 28.82
0.108000 0.06371 28.81
0.109000 0.06327 28.79
0.110000 0.06284 28.78
0.111000 0.06241 28.77
0.112000 0.06198 28.76
0.113000 0.06154 28.75
0.114000 0.06111 28.74
0.115000 0.06068 28.73
0.116000 0.06024 28.72
0.117000 0.05981 28.71
0.118000 0.05938 28.70
0.119000 0.05895 28.69
0.120000 0.05852 28.68
0.121000 0.05808 28.67
0.122000 0.05765 28.65
0.123000 0.05722 28.64
0.124000 0.05679 28.63
0.125000 0.05636 28.62
0.126000 0.05593 28.61
0.127000 0.05550 28.60
0.128000 0.05507 28.59
0.129000 0.05464 28.58
0.130000 0.05421 28.57
0.131000 0.05378 28.56
0.132000 0.05335 28.55
0.133000 0.05292 28.54
0.134000 0.05249 28.53
0.135000 0.05206 28.52
0.136000 0.05163 28.50
0.137000 0.05120 28.49
0.138000 0.05077 28.48
0.139000 0.05034 28.47
0.140000 0.04991 28.46
0.141000 0.04948 28.45
0.142000 0.04905 28.44
0.143000 0.04862 28.43
0.144000 0.04820 28.42
0.145000 0.04777 28.41
0.146000 0.04734 28.40
0.147000 0.04691 28.39
0.148000 0.04648 28.38
0.149000 0.04606 28.37
0.150000 0.04563 28.36
0.151000 0.04520 28.34
0.152000 0.04477 28.33
0.153000 0.04435 28.32
0.154000 0.04392 28.31
0.155000 0.04349 28.30
0.156000 0.04307 28.29
0.157000 0.04264 28.28
0.158000 0.04221 28.27
0.159000 0.04179 28.26
0.160000 0.04136 28.25
0.161000 0.04094 28.24
0.162000 0.04051 28.23
0.163000 0.04009 28.22
0.164000 0.03966 28.21
0.165000 0.03923 28.20
0.166000 0.03881 28.19
0.167000 0.03838 28.18
0.168000 0.03796 28.17
0.169000 0.03754 28.16
0.170000 0.03711 28.14
0.171000 0.03669 28.13
0.172000 0.03626 28.12
0.173000 0.03584 28.11
0.174000 0.03541 28.10
0.175000 0.03499 28.09
0.176000 0.03457 28.08
0.177000 0.03414 28.07
0.178000 0.03372 28.06
0.179000 0.03330 28.05
0.180000 0.03287 28.04
0.181000 0.03245 28.03
0.182000 0.03203 28.02
0.183000 0.03161 28.01
0.184000 0.03118 28.00
0.185000 0.03076 27.99
0.186000 0.03034 27.98
0.187000 0.02992 27.97
0.188000 0.02949 27.96
0.189000 0.02907 27.95
0.190000 0.02865 27.94
0.191000 0.02823 27.93
0.192000 0.02781 27.92
0.193000 0.02739 27.90
0.194000 0.02697 27.89
0.195000 0.02654 27.88
0.196000 0.02612 27.87
0.197000 0.02570 27.86
0.198000 0.02528 27.85
0.199000 0.02486 27.84
0.200000 0.02444 27.83
0.201000 0.02402 27.82
0.202000 0.02360 27.81
0.203000 0.02318 27.80
0.204000 0.02276 27.79
0.205000 0.02234 27.78
0.206000 0.02192 27.77
0.207000 0.02150 27.76
0.208000 0.02109 27.75
0.209000 0.02067 27.74
0.210000 0.02025 27.73
0.211000 0.01983 27.72
0.212000 0.01941 27.71
0.213000 0.01899 27.70
0.214000 0.01857 27.69
0.215000 0.01816 27.68
0.216000 0.01774 27.67
0.217000 0.01732 27.66
0.218000 0.01690 27.65
0.219000 0.01649 27.64
0.220000 0.01607 27.63
0.221000 0.01565 27.62
0.222000 0.01523 27.61
0.223000 0.01482 27.60
0.224000 0.01440 27.59
0.225000 0.01398 27.58
0.226000 0.01357 27.57
0.227000 0.01315 27.56
0.228000 0.01273 27.55
0.229000 0.01232 27.54
0.230000 0.01190 27.53
0.231000 0.01149 27.51
0.232000 0.01107 27.50
0.233000 0.01065 27.49
0.234000 0.01024 27.48
0.235000 0.00982 27.47
0.236000 0.00941 27.46
0.237000 0.00899 27.45
0.238000 0.00858 27.44
0.239000 0.00816 27.43
0.240000 0.00775 27.42
0.241000 0.00734 27.41
0.242000 0.00692 27.40
0.243000 0.00651 27.39
0.244000 0.00609 27.38
0.245000 0.00568 27.37
0.246000 0.00527 27.36
0.247000 0.00485 27.35
0.248000 0.00444 27.34
0.249000 0.00402 27.33
0.250000 0.00361 27.32
0.251000 0.00320 27.31
0.252000 0.00279 27.30
0.253000 0.00237 27.29
0.254000 0.00196 27.28
0.255000 0.00155 27.27
0.256000 0.00114 27.26
0.257000 0.00072 27.25
0.258000 0.00031 27.24
