0.000000 1.111111e-01 3.000000e+01
0.000000 0.1111111 30.00
0.001000 0.1107392 29.99
0.002000 0.1103673 29.98
0.003000 0.1099955 29.97
0.004000 0.1096239 29.97
0.005000 0.1092523 29.96
0.006000 0.1088808 29.95
0.007000 0.1085094 29.94
0.008000 0.1081381 29.93
0.009000 0.1077669 29.92
0.010000 0.1073957 29.91
0.011000 0.1070247 29.90
0.012000 0.1066537 29.90
0.013000 0.1062829 29.89
0.014000 0.1059121 29.88
0.015000 0.1055414 29.87
0.016000 0.1051708 29.86
0.017000 0.1048003 29.85
0.018000 0.1044299 29.84
0.019000 0.1040596 29.83
0.020000 0.1036893 29.83
0.021000 0.1033192 29.82
0.022000 0.1029491 29.81
0.023000 0.1025792 29.80
0.024000 0.1022093 29.79
0.025000 0.1018395 29.78
0.026000 0.1014698 29.77
0.027000 0.1011002 29.76
0.028000 0.1007307 29.76
0.029000 0.1003613 29.75
0.030000 0.0999919 29.74
0.031000 0.0996227 29.73
0.032000 0.0992535 29.72
0.033000 0.0988844 29.71
0.034000 0.0985155 29.70
0.035000 0.0981466 29.70
0.036000 0.0977778 29.69
0.037000 0.0974091 29.68
0.038000 0.0970404 29.67
0.039000 0.0966719 29.66
0.040000 0.0963035 29.65
0.041000 0.0959351 29.64
0.042000 0.0955668 29.64
0.043000 0.0951987 29.63
0.044000 0.0948306 29.62
0.045000 0.0944626 29.61
0.046000 0.0940947 29.60
0.047000 0.0937268 29.59
0.048000 0.0933591 29.58
0.049000 0.0929915 29.57
0.050000 0.0926239 29.57
0.051000 0.0922565 29.56
0.052000 0.0918891 29.55
0.053000 0.0915218 29.54
0.054000 0.0911546 29.53
0.055000 0.0907875 29.52
0.056000 0.0904205 29.51
0.057000 0.0900536 29.51
0.058000 0.0896867 29.50
0.059000 0.0893200 29.49
0.060000 0.0889533 29.48
0.061000 0.0885867 29.47
0.062000 0.0882202 29.46
0.063000 0.0878539 29.45
0.064000 0.0874875 29.45
0.065000 0.0871213 29.44
0.066000 0.0867552 29.43
0.067000 0.0863892 29.42
0.068000 0.0860232 29.41
0.069000 0.0856573 29.40
0.070000 0.0852916 29.39
0.071000 0.0849259 29.39
0.072000 0.0845603 29.38
0.073000 0.0841948 29.37
0.074000 0.0838294 29.36
0.075000 0.0834640 29.35
0.076000 0.0830988 29.34
0.077000 0.0827336 29.34
0.078000 0.0823686 29.33
0.079000 0.0820036 29.32
0.080000 0.0816387 29.31
0.081000 0.0812739 29.30
0.082000 0.0809092 29.29
0.083000 0.0805446 29.28
0.084000 0.0801801 29.28
0.085000 0.0798156 29.27
0.086000 0.0794513 29.26
0.087000 0.0790870 29.25
0.088000 0.0787228 29.24
0.089000 0.0783587 29.23
0.090000 0.0779947 29.22
0.091000 0.0776308 29.22
0.092000 0.0772670 29.21
0.093000 0.0769032 29.20
0.094000 0.0765396 29.19
0.095000 0.0761760 29.18
0.096000 0.0758126 29.17
0.097000 0.0754492 29.17
0.098000 0.0750859 29.16
0.099000 0.0747227 29.15
0.100000 0.0743595 29.14
0.101000 0.0739965 29.13
0.102000 0.0736336 29.12
0.103000 0.0732707 29.11
0.104000 0.0729079 29.11
0.105000 0.0725453 29.10
0.106000 0.0721827 29.09
0.107000 0.0718202 29.08
0.108000 0.0714577 29.07
0.109000 0.0710954 29.06
0.110000 0.0707332 29.06
0.111000 0.0703710 29.05
0.112000 0.0700090 29.04
0.113000 0.0696470 29.03
0.114000 0.0692851 29.02
0.115000 0.0689233 29.01
0.116000 0.0685616 29.01
0.117000 0.0682000 29.00
0.118000 0.0678384 28.99
0.119000 0.0674770 28.98
0.120000 0.0671156 28.97
0.121000 0.0667543 28.96
0.122000 0.0663931 28.96
0.123000 0.0660320 28.95
0.124000 0.0656710 28.94
0.125000 0.0653101 28.93
0.126000 0.0649493 28.92
0.127000 0.0645885 28.91
0.128000 0.0642279 28.91
0.129000 0.0638673 28.90
0.130000 0.0635068 28.89
0.131000 0.0631464 28.88
0.132000 0.0627861 28.87
0.133000 0.0624259 28.86
0.134000 0.0620657 28.85
0.135000 0.0617057 28.85
0.136000 0.0613457 28.84
0.137000 0.0609859 28.83
0.138000 0.0606261 28.82
0.139000 0.0602664 28.81
0.140000 0.0599068 28.80
0.141000 0.0595472 28.80
0.142000 0.0591878 28.79
0.143000 0.0588284 28.78
0.144000 0.0584692 28.77
0.145000 0.0581100 28.76
0.146000 0.0577509 28.76
0.147000 0.0573919 28.75
0.148000 0.0570330 28.74
0.149000 0.0566742 28.73
0.150000 0.0563154 28.72
0.151000 0.0559568 28.71
0.152000 0.0555982 28.71
0.153000 0.0552397 28.70
0.154000 0.0548814 28.69
0.155000 0.0545230 28.68
0.156000 0.0541648 28.67
0.157000 0.0538067 28.66
0.158000 0.0534487 28.66
0.159000 0.0530907 28.65
0.160000 0.0527328 28.64
0.161000 0.0523750 28.63
0.162000 0.0520174 28.62
0.163000 0.0516597 28.61
0.164000 0.0513022 28.61
0.165000 0.0509448 28.60
0.166000 0.0505874 28.59
0.167000 0.0502302 28.58
0.168000 0.0498730 28.57
0.169000 0.0495159 28.56
0.170000 0.0491589 28.56
0.171000 0.0488020 28.55
0.172000 0.0484452 28.54
0.173000 0.0480884 28.53
0.174000 0.0477318 28.52
0.175000 0.0473752 28.52
0.176000 0.0470187 28.51
0.177000 0.0466623 28.50
0.178000 0.0463060 28.49
0.179000 0.0459498 28.48
0.180000 0.0455937 28.47
0.181000 0.0452376 28.47
0.182000 0.0448817 28.46
0.183000 0.0445258 28.45
0.184000 0.0441700 28.44
0.185000 0.0438143 28.43
0.186000 0.0434587 28.43
0.187000 0.0431032 28.42
0.188000 0.0427477 28.41
0.189000 0.0423924 28.40
0.190000 0.0420371 28.39
0.191000 0.0416819 28.38
0.192000 0.0413268 28.38
0.193000 0.0409718 28.37
0.194000 0.0406169 28.36
0.195000 0.0402620 28.35
0.196000 0.0399073 28.34
0.197000 0.0395526 28.34
0.198000 0.0391980 28.33
0.199000 0.0388435 28.32
0.200000 0.0384891 28.31
0.201000 0.0381348 28.30
0.202000 0.0377806 28.29
0.203000 0.0374264 28.29
0.204000 0.0370724 28.28
0.205000 0.0367184 28.27
0.206000 0.0363645 28.26
0.207000 0.0360107 28.25
0.208000 0.0356570 28.25
0.209000 0.0353033 28.24
0.210000 0.0349498 28.23
0.211000 0.0345963 28.22
0.212000 0.0342429 28.21
0.213000 0.0338897 28.20
0.214000 0.0335365 28.20
0.215000 0.0331833 28.19
0.216000 0.0328303 28.18
0.217000 0.0324774 28.17
0.218000 0.0321245 28.16
0.219000 0.0317717 28.16
0.220000 0.0314190 28.15
0.221000 0.0310664 28.14
0.222000 0.0307139 28.13
0.223000 0.0303615 28.12
0.224000 0.0300091 28.12
0.225000 0.0296569 28.11
0.226000 0.0293047 28.10
0.227000 0.0289526 28.09
0.228000 0.0286006 28.08
0.229000 0.0282487 28.08
0.230000 0.0278969 28.07
0.231000 0.0275451 28.06
0.232000 0.0271935 28.05
0.233000 0.0268419 28.04
0.234000 0.0264904 28.04
0.235000 0.0261390 28.03
0.236000 0.0257877 28.02
0.237000 0.0254364 28.01
0.238000 0.0250853 28.00
0.239000 0.0247342 27.99
0.240000 0.0243832 27.99
0.241000 0.0240323 27.98
0.242000 0.0236815 27.97
0.243000 0.0233308 27.96
0.244000 0.0229802 27.95
0.245000 0.0226296 27.95
0.246000 0.0222792 27.94
0.247000 0.0219288 27.93
0.248000 0.0215785 27.92
0.249000 0.0212283 27.91
0.250000 0.0208782 27.91
0.251000 0.0205281 27.90
0.252000 0.0201782 27.89
0.253000 0.0198283 27.88
0.254000 0.0194785 27.87
0.255000 0.0191288 27.87
0.256000 0.0187792 27.86
0.257000 0.0184297 27.85
0.258000 0.0180802 27.84
0.259000 0.0177309 27.83
0.260000 0.0173816 27.83
0.261000 0.0170324 27.82
0.262000 0.0166833 27.81
0.263000 0.0163343 27.80
0.264000 0.0159853 27.79
0.265000 0.0156365 27.79
0.266000 0.0152877 27.78
0.267000 0.0149391 27.77
0.268000 0.0145905 27.76
0.269000 0.0142419 27.75
0.270000 0.0138935 27.75
0.271000 0.0135452 27.74
0.272000 0.0131969 27.73
0.273000 0.0128488 27.72
0.274000 0.0125007 27.71
0.275000 0.0121527 27.71
0.276000 0.0118048 27.70
0.277000 0.0114569 27.69
0.278000 0.0111092 27.68
0.279000 0.0107615 27.68
0.280000 0.0104139 27.67
0.281000 0.0100664 27.66
0.282000 0.0097190 27.65
0.283000 0.0093717 27.64
0.284000 0.0090245 27.64
0.285000 0.0086773 27.63
0.286000 0.0083302 27.62
0.287000 0.0079833 27.61
0.288000 0.0076364 27.60
0.289000 0.0072895 27.60
0.290000 0.0069428 27.59
0.291000 0.0065962 27.58
0.292000 0.0062496 27.57
0.293000 0.0059031 27.56
0.294000 0.0055567 27.56
0.295000 0.0052104 27.55
0.296000 0.0048642 27.54
0.297000 0.0045180 27.53
0.298000 0.0041720 27.52
0.299000 0.0038260 27.52
0.300000 0.0034801 27.51
0.301000 0.0031343 27.50
0.302000 0.0027886 27.49
0.303000 0.0024430 27.49
0.304000 0.0020974 27.48
0.305000 0.0017519 27.47
0.306000 0.0014065 27.46
0.307000 0.0010612 27.45
0.308000 0.0007160 27.45
0.309000 0.0003709 27.44
0.310000 0.0000259 27.43
